125328
241 4.0
33 4.0
194 4.5
244 4.5
100 4.5
116 4.5
7 4.5
248 3.5
204 4.5
237 3.0
|
79268
130 4.0
100 4.5
133 4.0
102 4.5
39 4.0
103 4.5
203 5.0
236 4.0
76 4.5
45 4.5
|
152978
17 5.0
1 3.0
145 3.0
147 3.0
71 5.0
184 4.0
40 4.0
12 4.0
142 3.0
111 2.0
|
171648
17 3.0
1 3.0
180 3.0
70 5.0
184 5.0
216 4.0
40 1.0
121 5.0
142 2.0
15 4.0
|
227648
83 4.0
195 2.0
196 3.5
165 4.5
245 4.5
152 4.0
41 2.5
138 3.5
141 3.5
191 3.5
|
16498
147 3.0
244 4.0
165 5.0
231 5.0
249 4.5
89 3.5
203 4.5
43 4.5
123 5.0
30 4.0
|
166008
81 5.0
148 2.0
116 5.0
7 2.5
121 4.0
249 4.0
185 4.0
154 5.0
61 5.0
239 3.0
|
159588
241 5.0
17 5.0
244 5.0
116 4.0
133 5.0
6 4.0
248 5.0
120 4.0
203 4.5
61 5.0
|
120238
112 3.0
114 3.0
178 3.0
180 3.0
100 4.0
21 2.0
133 5.0
89 3.0
94 3.0
239 4.0
|
93998
130 4.5
242 3.5
68 3.5
165 3.5
133 4.5
198 2.5
104 3.5
248 3.5
203 5.0
223 5.0
|
130768
48 3.0
17 4.0
4 5.0
69 3.0
70 3.0
216 3.0
26 4.0
12 2.0
142 4.0
206 3.0
|
178358
48 3.0
145 5.0
52 5.0
100 4.0
7 5.0
121 5.0
123 5.0
235 5.0
203 5.0
92 3.5
|
121578
225 4.0
161 5.0
37 3.0
86 4.0
200 3.0
58 5.0
234 3.0
203 5.0
143 4.0
223 2.0
|
243538
128 5.0
49 3.0
145 3.0
178 3.0
114 3.0
52 3.0
181 2.0
137 3.0
169 3.0
74 5.0
|
171548
128 5.0
49 3.0
178 5.0
114 4.0
52 4.0
6 4.0
137 3.0
169 3.0
156 5.0
188 4.0
|
120718
241 3.5
130 4.5
167 3.5
39 5.0
120 4.0
57 4.0
121 5.0
169 3.5
61 4.0
223 4.0
|
2378
113 4.5
164 3.0
37 5.0
8 0.5
232 0.5
138 2.5
234 5.0
42 0.5
94 4.5
31 1.0
|
11418
34 5.0
51 4.5
165 5.0
85 2.0
183 4.5
200 5.0
25 5.0
202 4.5
219 5.0
158 4.5
|
165718
128 3.0
178 4.0
114 4.0
133 5.0
181 3.0
169 1.0
188 3.0
92 4.0
156 3.0
94 3.0
|
78488
128 4.0
193 4.0
114 5.0
100 4.0
133 4.0
7 5.0
169 4.0
11 5.0
188 5.0
28 3.0
|
170998
83 3.0
179 3.0
212 5.0
21 4.0
197 4.0
56 5.0
58 5.0
42 5.0
235 5.0
219 5.0
|
225148
96 5.0
32 5.0
115 1.0
4 2.0
69 5.0
70 5.0
40 5.0
121 5.0
74 1.0
26 2.0
|
103768
240 5.0
33 5.0
146 5.0
100 5.0
247 5.0
184 5.0
58 5.0
172 4.0
204 5.0
61 4.0
|
35448
17 5.0
130 3.0
244 3.0
133 4.0
231 2.5
247 4.0
56 4.5
203 5.0
236 4.0
47 3.5
|
111838
177 2.0
18 4.0
227 5.0
164 5.0
101 5.0
234 5.0
26 5.0
90 5.0
108 5.0
95 5.0
|
185168
81 3.0
120 5.0
56 5.0
152 5.0
90 4.0
122 5.0
58 5.0
236 5.0
45 5.0
61 4.5
|
120918
128 5.0
81 3.0
100 5.0
22 4.0
7 5.0
136 3.0
218 3.0
28 4.0
188 4.0
94 3.0
|
80738
192 4.0
128 4.0
19 3.0
211 3.0
20 3.0
24 3.0
89 3.0
46 3.0
94 3.0
239 4.0
|
56918
113 4.0
17 4.0
226 4.0
244 4.0
100 4.5
116 4.0
134 4.0
202 3.0
235 4.0
238 4.0
|
61368
17 5.0
130 4.5
100 4.5
148 3.0
244 4.0
116 3.5
245 3.5
89 5.0
235 4.5
159 3.0
|
168738
161 5.0
35 4.0
166 4.0
120 4.0
200 4.0
56 4.0
58 5.0
234 3.0
203 5.0
45 4.0
|
40988
83 2.5
244 1.0
100 4.0
102 3.0
120 1.0
89 3.5
203 3.5
124 0.5
77 2.5
13 3.0
|
192798
96 3.0
180 4.0
4 2.0
69 2.0
121 3.0
10 3.0
13 5.0
142 3.0
206 4.0
191 4.0
|
16648
243 3.5
213 4.0
54 3.5
119 3.5
56 3.0
152 3.5
88 4.0
75 3.5
223 3.0
31 3.5
|
52088
176 1.5
97 3.5
113 4.5
82 4.0
85 1.0
167 5.0
120 5.0
88 5.0
106 4.0
188 4.5
|
79338
96 5.0
48 5.0
32 2.0
1 5.0
99 3.0
4 4.0
40 1.0
121 3.0
26 4.0
111 5.0
|
73818
128 3.0
100 5.0
52 3.0
21 4.0
181 3.0
133 5.0
22 3.0
137 3.0
29 4.0
79 5.0
|
249158
17 5.0
195 4.0
197 4.0
118 4.0
87 4.0
156 3.0
221 4.0
93 4.0
62 3.0
142 2.0
|
125828
96 5.0
4 5.0
55 5.0
71 5.0
216 5.0
12 4.0
142 3.0
206 5.0
111 1.0
15 5.0
|
39388
112 3.0
20 4.0
116 4.0
5 5.0
39 5.0
24 5.0
28 5.0
46 3.0
239 4.0
47 2.0
|
200718
32 4.0
96 5.0
49 5.0
18 4.0
133 3.0
37 4.0
22 5.0
137 4.0
220 3.0
156 5.0
|
151348
242 5.0
134 5.0
247 4.5
120 5.0
217 5.0
203 5.0
76 5.0
236 5.0
45 4.0
238 5.0
|
225988
113 4.5
241 4.0
226 4.5
244 5.0
100 5.0
247 5.0
248 4.5
89 3.5
203 4.0
61 5.0
|
89398
16 5.0
49 4.0
33 4.0
114 3.0
82 4.0
19 3.0
52 3.0
28 3.0
156 3.0
46 3.0
|
35228
114 5.0
178 4.0
116 4.0
181 1.0
133 3.0
185 5.0
137 4.0
220 3.0
79 2.0
239 5.0
|
221058
96 1.0
197 4.5
5 4.0
6 4.0
86 4.5
134 5.0
182 1.5
120 5.0
202 2.0
28 3.0
|
247588
112 4.0
128 5.0
193 4.0
100 5.0
181 2.0
6 5.0
169 3.0
89 5.0
218 3.0
156 3.0
|
21978
192 0.5
116 4.0
102 4.5
86 0.5
6 2.0
183 1.5
121 4.5
43 3.0
235 4.0
76 3.5
|
221588
97 4.0
113 4.0
145 4.0
83 4.5
116 4.5
53 3.5
57 3.0
154 4.0
235 5.0
155 4.0
|
31278
128 3.0
49 3.0
178 2.0
19 3.0
54 4.0
28 5.0
125 3.0
94 3.0
190 3.0
15 5.0
|
197728
16 4.0
195 4.0
68 4.0
245 5.0
102 3.0
7 4.0
121 4.0
138 4.0
61 5.0
110 4.0
|
174288
148 4.0
245 4.0
197 5.0
133 5.0
70 5.0
121 5.0
138 4.0
13 5.0
159 4.0
239 4.0
|
259448
128 3.0
49 3.0
116 3.0
52 3.0
100 5.0
133 5.0
21 3.0
188 5.0
46 3.0
94 4.0
|
93748
48 3.0
1 3.0
49 3.0
17 5.0
114 4.0
180 4.0
40 4.0
137 3.0
121 5.0
111 3.0
|
143628
112 3.0
49 1.0
33 3.0
19 3.0
20 3.0
133 5.0
21 3.0
169 3.0
28 4.0
46 3.0
|
108038
192 3.0
1 4.0
35 3.0
19 4.0
20 3.0
52 4.0
21 4.0
173 4.0
94 3.0
239 5.0
|
56478
112 3.0
114 5.0
179 4.0
6 5.0
7 5.0
42 5.0
123 5.0
44 2.0
76 5.0
15 5.0
|
10218
100 4.0
116 4.5
212 5.0
133 5.0
7 4.0
103 5.0
120 4.0
57 4.5
89 5.0
45 5.0
|
67068
209 3.0
114 5.0
148 3.0
84 2.0
182 0.5
121 4.5
89 4.0
58 4.5
13 5.0
159 5.0
|
226628
128 0.5
33 0.5
49 0.5
145 0.5
178 1.0
114 1.0
116 0.5
133 0.5
169 2.0
94 0.5
|
113358
32 5.0
128 3.0
211 3.0
116 4.0
38 4.0
7 5.0
125 4.0
94 3.0
142 5.0
190 3.0
|
100938
20 3.5
134 4.0
86 3.0
22 3.5
184 5.0
105 3.5
219 4.5
206 4.0
127 1.5
15 4.0
|
173828
16 3.0
112 3.0
146 3.0
19 3.0
21 3.0
136 1.0
153 4.0
59 3.0
188 5.0
29 4.0
|
90438
17 3.0
100 3.0
4 5.0
245 1.0
6 4.0
198 5.0
104 2.0
13 4.0
223 1.0
239 5.0
|
32478
145 5.0
193 5.0
178 4.0
133 4.0
181 3.0
7 5.0
121 4.0
169 3.0
11 5.0
94 3.0
|
129298
240 2.5
17 5.0
213 4.0
104 4.0
120 4.5
169 4.0
249 3.5
154 4.5
61 4.5
93 4.0
|
129858
1 3.0
114 4.0
227 1.0
181 3.0
184 5.0
153 3.0
89 5.0
11 3.0
187 1.0
173 4.0
|
185558
160 3.0
49 4.0
20 3.0
181 2.0
85 4.0
24 3.0
169 2.0
186 3.0
60 4.0
223 4.0
|
181678
1 4.0
52 1.0
24 4.0
216 4.0
137 1.0
220 3.0
141 5.0
190 5.0
95 3.0
47 4.0
|
16378
96 3.0
193 3.0
114 3.0
18 2.0
180 1.0
25 3.0
11 2.0
44 3.0
126 3.0
47 2.0
|
97638
64 4.0
241 4.0
83 4.0
116 3.0
148 3.5
133 5.0
248 3.5
120 5.0
61 4.0
205 4.5
|
231718
241 4.5
20 3.5
182 1.0
120 5.0
184 4.5
122 4.5
219 3.5
28 4.0
204 2.0
77 4.0
|
23358
16 4.5
196 4.0
228 4.0
58 4.5
26 3.0
138 4.5
219 4.0
203 4.0
31 3.0
47 4.0
|
190428
128 4.0
215 3.0
7 3.5
248 2.5
200 4.0
58 3.5
27 3.0
204 2.0
93 3.0
78 4.0
|
77168
1 3.0
193 4.0
82 5.0
20 4.0
133 5.0
22 3.0
44 2.0
220 2.0
188 3.0
190 3.0
|
206278
194 5.0
170 5.0
27 4.0
75 5.0
12 4.0
141 3.0
205 3.0
94 2.0
190 3.0
15 4.0
|
196148
98 4.0
181 3.0
86 4.5
134 5.0
7 3.0
120 5.0
43 2.5
203 4.5
188 2.0
77 4.0
|
213938
209 4.0
99 4.0
196 5.0
101 4.0
102 4.0
139 4.0
28 4.0
60 4.0
13 5.0
31 4.0
|
15238
197 3.5
245 2.0
181 1.5
118 2.0
134 4.5
39 4.0
169 1.5
58 3.5
188 4.5
47 3.0
|
243348
192 3.0
48 3.0
33 3.0
193 4.0
97 4.0
211 5.0
169 3.0
188 3.0
158 3.0
111 5.0
|
236788
224 5.0
80 5.0
68 5.0
197 4.0
70 3.5
102 5.0
152 5.0
73 3.0
61 5.0
30 5.0
|
120938
241 2.0
161 4.0
213 4.0
86 4.0
199 4.0
152 5.0
121 4.0
93 4.0
237 3.0
47 3.0
|
187868
147 4.5
165 5.0
197 4.5
54 4.0
119 3.5
167 4.0
88 4.5
234 2.0
156 3.5
110 3.0
|
17028
81 5.0
49 4.0
21 4.0
6 4.0
73 4.5
58 4.0
204 2.5
142 3.0
46 4.0
111 4.0
|
164258
176 2.0
33 2.5
116 3.5
70 3.0
231 4.5
103 5.0
107 2.5
12 2.5
78 3.5
190 3.0
|
269158
54 3.5
6 3.5
199 4.0
167 4.5
105 3.0
73 3.5
173 4.5
46 4.0
30 5.0
159 4.5
|
57938
100 3.0
133 3.5
22 4.0
231 3.5
152 3.5
90 1.5
219 4.0
59 0.5
188 3.0
61 4.0
|
180168
48 4.5
34 4.5
133 4.0
137 4.5
185 4.5
57 4.0
170 4.0
94 5.0
46 4.5
47 4.0
|
114468
208 1.0
33 3.0
50 1.0
6 5.0
39 3.0
107 4.0
60 2.0
205 3.0
223 5.0
239 3.0
|
38968
128 5.0
133 4.0
85 3.0
166 3.0
24 4.0
57 2.0
41 4.0
61 1.0
45 4.0
143 2.0
|
164538
16 5.0
83 4.5
68 5.0
103 5.0
24 4.5
56 4.0
58 5.0
235 5.0
204 4.5
141 5.0
|
201478
225 4.0
51 2.0
217 0.5
106 2.0
170 4.0
122 3.0
43 4.0
29 4.0
237 3.0
94 2.5
|
152188
177 2.5
178 3.0
196 3.0
198 4.5
134 3.0
39 2.5
60 3.0
76 5.0
221 4.0
143 3.0
|
69218
2 2.0
243 5.0
20 4.0
36 4.0
132 3.0
85 5.0
165 5.0
151 5.0
141 5.0
14 4.0
|
168388
0 4.0
98 3.0
194 3.5
36 3.5
25 4.0
121 4.0
202 1.0
172 5.0
190 3.0
207 1.5
|
166408
33 3.0
34 3.0
5 3.0
101 4.0
118 3.0
200 4.0
91 3.0
11 3.0
139 3.0
190 3.0
|
125668
113 3.5
210 3.5
244 4.5
116 3.5
85 3.5
24 3.0
217 3.0
58 5.0
155 2.5
109 3.5
|
21608
144 3.5
145 2.5
161 4.5
50 0.5
99 2.5
37 2.0
217 1.5
9 3.5
91 3.0
220 1.5
|
7238
209 4.0
2 4.0
67 5.0
243 4.0
169 2.0
137 3.0
185 4.0
138 4.0
123 4.0
156 4.0
|
201128
96 3.0
84 3.0
151 4.0
40 3.0
232 5.0
57 3.0
9 5.0
186 2.0
187 2.0
13 5.0
|
