125328
134 4.0
|
79268
235 4.0
231 5.0
|
152978
32 4.0
|
171648
111 4.0
|
227648
241 1.5
|
16498
100 4.0
133 4.0
|
166008
78 3.0
|
159588
100 4.0
89 3.0
|
120238
29 4.0
|
93998
81 4.5
|
130768
145 3.0
71 3.0
95 4.0
191 4.0
|
178358
10 5.0
147 4.5
180 3.0
85 5.0
|
121578
16 5.0
205 4.0
13 5.0
207 2.0
|
243538
156 3.0
133 5.0
94 3.0
|
171548
89 4.0
11 5.0
100 5.0
94 2.0
|
120718
244 4.5
197 3.5
133 5.0
103 4.5
|
2378
50 3.5
212 4.0
198 0.5
191 1.0
|
11418
216 2.5
153 2.5
139 4.0
69 2.0
|
165718
49 3.0
89 5.0
29 3.0
|
78488
112 4.0
49 4.0
156 3.0
22 5.0
|
170998
241 5.0
120 5.0
171 5.0
205 5.0
45 5.0
142 5.0
|
225148
1 5.0
145 5.0
34 5.0
99 5.0
147 2.0
180 5.0
12 5.0
142 5.0
|
103768
241 5.0
244 5.0
197 5.0
245 5.0
166 5.0
6 4.0
232 5.0
46 5.0
|
35448
226 3.0
148 2.5
100 5.0
120 5.0
43 4.0
171 3.0
124 3.0
13 5.0
|
111838
224 5.0
138 5.0
140 5.0
53 5.0
174 5.0
|
185168
164 4.5
134 2.0
246 4.0
183 4.0
203 5.0
77 2.5
|
120918
112 5.0
114 5.0
52 4.0
21 5.0
157 2.0
125 4.0
|
80738
33 5.0
114 3.0
116 4.0
133 4.0
169 2.0
202 3.0
47 3.0
|
56918
120 4.0
203 4.0
236 4.0
45 4.5
247 4.0
|
61368
128 3.0
97 4.0
114 3.5
103 4.5
73 4.0
75 4.5
13 5.0
|
168738
241 5.0
225 4.0
209 5.0
212 3.0
86 5.0
59 5.0
235 5.0
204 4.0
143 4.0
|
40988
226 1.0
165 3.5
6 2.0
103 4.0
247 3.0
248 2.5
171 1.0
45 3.5
237 3.0
|
192798
1 3.0
34 3.0
99 3.0
70 3.0
40 3.0
15 3.0
17 4.0
145 3.0
147 4.0
184 3.0
216 4.0
95 1.0
|
16648
224 3.5
133 4.5
231 4.0
106 2.5
235 4.5
107 3.0
44 3.0
144 3.0
49 3.5
147 3.5
216 3.5
155 4.0
|
52088
34 4.5
226 5.0
163 5.0
69 4.5
232 4.5
203 4.0
204 1.0
17 4.0
150 5.0
54 5.0
215 2.0
216 3.0
|
79338
145 5.0
115 4.0
180 3.0
69 5.0
70 5.0
216 5.0
10 5.0
142 3.0
95 5.0
15 5.0
|
73818
49 4.0
7 5.0
169 5.0
89 5.0
92 4.0
220 3.0
125 3.0
94 3.0
239 4.0
|
249158
145 3.0
209 3.0
113 3.0
116 3.0
165 5.0
70 4.0
104 4.0
152 4.0
72 4.0
121 5.0
234 3.0
|
125828
32 1.0
1 5.0
99 5.0
69 5.0
70 3.0
13 1.0
145 5.0
115 4.0
147 1.0
184 3.0
26 5.0
95 5.0
|
39388
49 3.0
114 4.0
82 3.0
67 4.0
55 4.0
202 4.0
187 3.0
12 5.0
125 4.0
157 3.0
|
200718
33 5.0
34 5.0
169 3.0
202 5.0
11 4.0
239 5.0
145 5.0
178 4.0
114 5.0
116 5.0
52 4.0
21 3.0
181 2.0
188 4.0
94 4.0
|
151348
226 5.0
100 4.0
133 5.0
230 5.0
166 4.0
103 5.0
43 5.0
235 4.5
13 5.0
17 5.0
113 5.0
244 5.0
56 5.0
248 5.0
154 5.0
27 5.0
124 5.0
|
225988
161 4.0
134 4.5
39 5.0
231 4.0
235 4.0
171 3.5
236 4.5
237 4.0
238 4.5
240 4.5
17 4.5
81 4.0
120 4.5
121 2.5
217 4.0
124 4.5
|
89398
192 2.0
128 2.0
227 1.0
137 1.0
105 2.0
11 2.0
239 4.0
50 4.0
178 3.0
147 5.0
181 4.0
185 2.0
89 4.0
220 1.0
29 4.0
94 1.0
190 3.0
|
35228
193 4.0
100 5.0
7 5.0
169 3.0
112 5.0
49 2.0
51 4.0
19 4.0
52 3.0
21 3.0
89 5.0
156 5.0
29 1.0
94 3.0
|
221058
192 3.5
100 3.5
103 4.0
167 4.0
105 2.5
73 3.5
74 4.0
235 5.0
141 4.0
113 4.5
17 5.0
51 2.0
116 4.0
244 5.0
121 4.0
58 4.0
156 3.0
|
247588
192 2.0
133 5.0
7 3.0
137 3.0
11 3.0
239 4.0
79 3.0
49 4.0
178 3.0
114 4.0
52 3.0
21 3.0
185 2.0
92 5.0
28 3.0
220 3.0
29 4.0
94 3.0
|
21978
130 4.5
133 4.0
165 5.0
231 5.0
72 0.5
73 2.5
11 0.5
204 2.0
13 3.0
239 2.5
114 1.5
147 4.0
53 1.0
213 3.5
22 1.0
247 4.0
58 2.5
59 0.5
|
221588
163 4.5
102 4.0
7 3.0
202 2.5
236 5.0
142 2.0
239 4.5
241 3.0
209 3.0
118 3.0
152 4.5
89 4.5
58 4.5
93 5.0
|
31278
193 4.0
67 1.0
39 5.0
137 3.0
174 5.0
239 3.0
79 4.0
112 3.0
114 5.0
52 3.0
116 5.0
22 5.0
89 4.0
218 3.0
187 5.0
188 4.0
|
197728
100 4.0
133 4.0
197 5.0
6 5.0
199 5.0
40 1.0
72 4.0
9 4.0
170 5.0
235 5.0
76 5.0
205 3.0
142 2.0
14 3.0
17 5.0
209 4.0
83 5.0
212 5.0
180 3.0
89 3.0
249 5.0
154 5.0
222 4.0
|
174288
195 4.0
100 4.0
229 4.0
102 5.0
135 2.0
232 4.0
76 5.0
173 4.0
241 5.0
17 5.0
180 2.0
212 5.0
117 4.0
215 1.0
89 4.0
219 2.0
61 4.0
221 5.0
126 5.0
|
259448
192 3.0
33 3.0
70 4.0
7 5.0
39 4.0
137 3.0
11 2.0
79 4.0
47 3.0
239 4.0
81 5.0
19 3.0
20 3.0
181 3.0
22 4.0
89 4.0
185 3.0
156 3.0
92 4.0
29 4.0
|
93748
96 3.0
32 3.0
193 3.0
99 4.0
67 4.0
4 3.0
100 5.0
69 3.0
6 5.0
70 4.0
71 3.0
169 5.0
13 3.0
206 2.0
142 3.0
145 3.0
147 4.0
55 3.0
57 4.0
|
143628
192 4.0
128 3.0
193 5.0
7 4.0
137 3.0
11 3.0
79 3.0
146 3.0
22 4.0
89 3.0
218 3.0
156 3.0
92 4.0
29 2.0
94 3.0
100 3.0
39 4.0
239 3.0
47 3.0
178 3.0
114 3.0
116 4.0
181 2.0
184 4.0
188 4.0
|
108038
33 3.0
227 4.0
6 5.0
39 5.0
136 3.0
8 5.0
169 1.0
137 3.0
11 4.0
142 5.0
46 5.0
79 4.0
49 4.0
82 3.0
146 4.0
116 4.0
22 5.0
24 5.0
188 5.0
126 4.0
158 4.0
190 4.0
|
56478
100 5.0
197 5.0
133 5.0
200 5.0
138 4.0
204 4.0
206 5.0
14 5.0
142 2.0
17 5.0
177 5.0
145 3.0
243 5.0
83 4.0
23 3.0
24 5.0
121 4.0
25 3.0
89 5.0
61 5.0
|
10218
33 2.5
197 5.0
69 3.0
134 4.0
6 5.0
40 2.0
203 5.0
235 4.5
172 0.5
13 5.0
142 4.5
240 3.0
209 4.0
17 4.0
145 4.5
241 5.0
113 3.5
51 3.0
24 4.0
58 4.5
124 4.0
188 3.0
61 4.0
|
67068
130 5.0
66 5.0
68 4.0
133 5.0
198 4.0
6 4.5
135 2.5
73 5.0
203 5.0
205 4.5
17 5.0
147 5.0
215 2.0
151 5.0
154 4.5
93 5.0
100 4.5
165 5.0
102 4.5
104 5.0
235 5.0
117 4.0
183 0.5
189 0.5
61 3.5
|
226628
100 0.5
6 0.5
7 0.5
137 2.0
13 0.5
142 0.5
46 0.5
239 0.5
17 2.0
52 0.5
20 1.0
181 0.5
22 3.5
248 3.0
121 0.5
89 0.5
58 0.5
156 2.0
61 0.5
|
113358
192 2.0
193 4.0
67 4.0
133 3.0
11 4.0
141 4.0
145 4.0
146 2.0
19 3.0
20 5.0
21 5.0
22 5.0
24 5.0
218 3.0
157 3.0
158 3.0
33 4.0
35 3.0
100 4.0
39 3.0
105 3.0
44 4.0
173 5.0
46 4.0
47 3.0
112 3.0
185 3.0
187 4.0
126 4.0
|
100938
65 1.0
129 4.0
68 3.5
196 4.0
8 2.5
137 1.5
138 4.0
204 4.0
13 4.0
141 4.0
77 3.0
18 1.5
212 4.0
85 4.0
23 3.5
215 2.5
24 4.0
218 3.0
29 1.5
158 3.0
98 2.5
162 3.0
35 4.0
44 2.5
45 4.0
175 4.0
179 1.5
245 5.0
58 4.0
189 5.0
61 4.0
190 4.0
|
173828
128 4.0
133 5.0
8 3.0
10 3.0
202 3.0
11 3.0
141 3.0
79 4.0
81 5.0
82 3.0
211 3.0
24 3.0
89 5.0
220 3.0
156 3.0
157 3.0
94 4.0
33 3.0
35 2.0
100 5.0
169 4.0
108 3.0
46 3.0
239 5.0
47 3.0
49 3.0
178 4.0
115 4.0
116 3.0
52 3.0
181 1.0
185 3.0
126 4.0
|
90438
67 4.0
3 4.0
133 4.0
135 4.0
76 5.0
14 3.0
78 2.0
143 4.0
144 4.0
81 4.0
82 4.0
83 4.0
85 1.0
214 4.0
23 4.0
151 4.0
152 2.0
89 5.0
155 1.0
92 4.0
93 3.0
97 3.0
102 4.0
231 3.0
178 3.0
246 3.0
121 4.0
58 3.0
59 1.0
190 3.0
|
32478
128 3.0
6 4.0
137 4.0
142 4.0
79 4.0
81 4.0
19 4.0
21 4.0
22 3.0
89 5.0
218 3.0
156 4.0
220 5.0
92 3.0
28 4.0
33 5.0
100 4.0
239 5.0
112 5.0
49 4.0
114 5.0
116 5.0
52 4.0
185 3.0
188 3.0
125 5.0
|
129298
68 4.5
133 4.5
6 4.0
198 4.0
199 4.0
73 3.0
10 4.5
203 4.5
75 4.0
76 4.0
13 5.0
145 3.5
81 4.0
83 5.0
151 3.5
152 4.0
89 4.0
27 4.0
94 3.5
161 3.5
97 4.5
100 4.0
165 4.0
102 4.0
230 4.0
231 4.5
235 4.0
236 2.5
179 4.5
244 4.0
121 4.0
|
129858
192 3.0
128 4.0
67 4.0
133 5.0
6 5.0
136 3.0
137 3.0
145 3.0
146 3.0
211 3.0
20 3.0
22 3.0
218 3.0
92 4.0
220 1.0
157 3.0
94 3.0
100 3.0
39 5.0
169 3.0
44 3.0
47 3.0
239 4.0
111 4.0
48 1.0
49 2.0
51 2.0
116 4.0
59 5.0
188 4.0
|
185558
192 2.0
129 2.0
66 4.0
197 3.0
5 4.0
72 3.0
137 2.0
74 5.0
75 4.0
76 5.0
14 3.0
16 5.0
86 4.0
218 2.0
92 3.0
93 5.0
98 3.0
228 5.0
231 5.0
172 2.0
111 3.0
48 2.0
241 3.0
54 5.0
118 4.0
119 4.0
249 4.0
57 4.0
59 4.0
188 5.0
127 3.0
|
181678
128 4.0
67 5.0
5 4.0
6 5.0
15 5.0
146 5.0
19 5.0
20 5.0
21 4.0
89 4.0
39 4.0
169 1.0
46 4.0
239 5.0
112 4.0
114 4.0
116 3.0
180 5.0
184 4.0
121 3.0
185 3.0
187 3.0
188 3.0
125 4.0
126 3.0
191 3.0
|
16378
128 3.0
5 3.0
133 2.0
6 3.0
202 2.0
80 3.0
81 3.0
19 2.0
22 3.0
150 2.0
89 3.0
94 3.0
95 3.0
33 3.0
164 2.0
100 3.0
38 2.0
39 3.0
239 3.0
112 3.0
48 3.0
49 3.0
178 3.0
115 3.0
116 3.0
54 3.0
121 4.0
188 3.0
|
97638
128 4.0
4 4.5
68 4.0
6 4.0
7 5.0
71 3.5
201 3.0
137 4.0
203 4.0
204 4.5
77 4.5
13 4.0
78 4.0
14 4.0
17 5.0
147 5.0
20 5.0
85 3.5
23 4.0
89 5.0
219 4.5
221 3.5
162 3.0
98 3.5
100 5.0
164 4.0
37 3.5
166 3.0
103 2.0
231 5.0
104 4.5
172 4.5
45 4.5
238 4.0
47 5.0
239 4.0
240 4.0
179 4.0
51 4.0
180 5.0
52 4.0
244 4.0
247 4.0
183 3.5
56 5.0
121 4.0
123 4.5
|
231718
194 4.0
197 4.0
134 4.5
7 4.5
200 3.0
73 3.5
74 4.0
206 2.5
78 4.5
15 3.5
209 4.0
17 4.0
145 4.0
82 4.0
21 4.0
86 3.0
215 4.0
88 3.0
217 4.0
226 4.0
100 4.0
230 4.5
39 3.0
169 0.5
171 3.5
236 2.5
45 4.0
175 5.0
240 3.5
113 4.0
51 0.5
244 4.0
248 4.0
57 4.0
123 4.0
124 3.5
61 4.5
|
23358
2 2.0
133 4.5
197 4.0
6 4.0
70 3.5
7 3.5
72 4.0
73 4.0
139 4.0
206 3.5
144 3.0
209 4.0
210 3.5
147 4.0
212 3.5
149 3.5
152 3.5
24 2.5
88 4.0
89 3.5
153 3.5
155 4.0
157 3.5
161 4.0
227 2.0
100 4.0
104 4.0
40 3.5
169 3.5
107 1.5
235 4.0
239 3.0
50 3.5
115 3.0
51 3.5
52 3.5
116 3.0
181 4.0
184 2.5
249 4.0
57 3.0
123 4.0
60 4.0
|
190428
65 3.0
2 3.0
194 3.5
196 2.0
132 4.0
6 4.0
134 4.5
199 3.0
9 4.0
73 2.0
139 3.5
76 3.0
140 2.0
13 2.0
144 4.0
17 5.0
82 4.0
83 2.0
148 4.0
22 4.0
87 4.0
152 2.0
88 3.0
90 2.0
154 4.0
219 3.0
94 3.0
31 4.0
100 4.0
170 4.0
45 3.5
239 4.0
112 3.0
113 4.0
241 1.0
114 4.0
116 4.0
120 5.0
249 3.0
123 4.0
188 5.0
|
77168
128 3.0
67 3.0
4 3.0
5 4.0
6 5.0
7 5.0
71 4.0
8 3.0
10 4.0
206 4.0
142 2.0
15 3.0
81 2.0
145 3.0
211 4.0
19 4.0
21 2.0
150 3.0
216 3.0
24 4.0
89 5.0
28 4.0
29 3.0
95 1.0
33 2.0
97 2.0
99 4.0
100 5.0
39 3.0
46 3.0
239 5.0
49 3.0
114 5.0
178 4.0
52 3.0
116 2.0
180 3.0
55 4.0
184 5.0
185 3.0
121 3.0
187 3.0
125 4.0
|
206278
193 4.0
2 4.0
195 5.0
67 4.0
68 5.0
196 4.0
132 5.0
133 2.0
70 5.0
135 5.0
73 5.0
137 2.0
76 5.0
16 2.0
208 4.0
144 4.0
17 3.0
145 4.0
210 4.0
18 2.0
25 3.0
89 5.0
90 4.0
26 4.0
154 5.0
91 2.0
92 4.0
220 4.0
156 4.0
93 4.0
31 3.0
99 4.0
100 5.0
41 3.0
105 3.0
108 3.0
110 3.0
175 5.0
178 4.0
116 4.0
184 4.0
121 3.0
186 4.0
123 3.0
189 5.0
126 3.0
127 2.0
|
196148
133 5.0
12 1.0
142 3.5
17 4.5
145 2.0
22 2.0
152 4.0
33 4.0
36 3.0
39 4.5
167 3.5
40 3.0
171 4.5
172 3.0
46 3.0
176 4.0
177 2.0
52 5.0
182 2.0
57 3.5
58 4.0
61 4.5
64 5.0
197 4.0
200 3.0
201 2.5
83 4.5
85 3.0
215 4.0
217 4.5
89 4.0
94 4.5
226 4.5
100 4.0
102 3.0
104 4.0
105 2.5
235 3.0
236 2.0
238 3.0
113 4.0
244 5.0
116 3.5
117 4.5
248 4.0
121 2.5
123 4.0
124 4.5
|
213938
3 4.0
132 4.0
4 4.0
5 4.0
197 4.0
198 5.0
70 3.0
75 5.0
204 4.0
206 4.0
210 5.0
146 4.0
83 4.0
148 5.0
20 4.0
85 4.0
152 3.0
25 2.0
89 5.0
155 4.0
27 5.0
92 3.0
30 4.0
159 5.0
33 4.0
100 5.0
41 4.0
46 4.0
239 5.0
114 5.0
55 4.0
184 5.0
249 4.0
121 5.0
58 4.0
62 3.0
|
15238
192 1.5
2 2.5
66 3.5
69 1.5
7 2.5
200 3.5
203 2.0
76 3.5
204 3.5
141 4.0
13 2.0
206 2.5
142 2.0
145 2.0
209 3.5
146 4.0
20 2.5
85 3.5
22 4.0
86 3.5
215 3.5
88 2.0
221 1.5
93 3.0
98 2.0
103 4.0
40 1.5
105 3.0
170 4.0
45 4.0
111 4.0
241 3.5
113 4.0
51 1.5
116 1.5
54 4.0
120 2.5
57 2.5
123 4.0
|
243348
128 3.0
67 5.0
69 4.0
133 3.0
7 5.0
71 2.0
202 4.0
10 5.0
11 3.0
142 3.0
79 4.0
16 5.0
81 4.0
145 3.0
18 3.0
146 2.0
82 3.0
22 3.0
89 4.0
153 1.0
156 3.0
29 3.0
94 4.0
34 3.0
164 4.0
37 2.0
47 3.0
239 5.0
112 4.0
49 3.0
50 3.0
114 4.0
115 5.0
116 4.0
52 3.0
181 3.0
54 4.0
185 3.0
125 3.0
126 3.0
|
236788
128 5.0
133 5.0
134 3.5
6 5.0
7 4.0
9 4.5
13 5.0
144 3.5
17 4.5
148 4.5
22 4.5
151 2.5
154 5.0
27 4.5
155 4.5
158 5.0
159 5.0
165 5.0
168 4.5
170 5.0
45 3.5
47 3.0
175 4.5
54 3.5
184 4.5
189 5.0
62 4.5
195 5.0
196 5.0
198 5.0
199 5.0
75 5.0
76 5.0
204 4.5
212 5.0
213 5.0
89 4.5
219 4.0
221 5.0
93 5.0
222 5.0
100 5.0
230 4.0
231 3.0
107 4.0
241 4.0
119 4.5
249 5.0
121 5.0
124 5.0
|
120938
128 5.0
133 5.0
6 5.0
7 2.5
10 4.0
139 5.0
13 5.0
142 1.0
145 4.0
17 3.0
146 4.0
19 4.0
147 5.0
27 4.0
156 3.0
165 4.0
39 3.0
170 5.0
45 2.0
46 3.0
176 1.0
49 4.0
180 4.0
52 4.0
57 3.0
58 2.0
188 4.0
189 5.0
61 4.0
63 4.0
194 4.0
67 4.5
73 3.0
203 5.0
204 2.0
205 4.0
78 4.0
206 3.0
79 4.0
207 2.0
209 4.0
85 2.0
215 4.0
88 4.0
89 5.0
91 1.0
219 3.0
221 3.0
94 3.0
97 4.0
98 2.0
229 4.0
230 4.0
103 5.0
231 3.0
104 4.0
113 4.0
114 4.0
116 4.0
245 4.0
118 4.0
120 2.0
249 5.0
123 3.0
|
187868
2 2.5
3 4.0
132 3.5
133 4.0
6 4.0
7 4.0
11 3.5
140 4.0
13 3.5
142 3.5
16 4.0
145 3.5
17 4.0
146 2.5
149 4.0
21 2.5
152 4.0
31 3.5
161 4.5
33 2.5
163 4.0
36 1.5
41 4.0
48 2.5
177 4.0
49 3.0
50 1.0
181 2.5
57 3.5
186 3.5
60 3.5
61 3.0
192 3.5
65 3.5
66 4.0
70 4.0
72 3.0
73 4.0
74 4.5
203 3.5
205 3.5
212 3.5
84 4.0
86 3.5
89 4.0
93 4.0
94 3.5
223 4.0
100 4.5
228 4.5
103 4.5
231 4.5
109 3.0
237 4.0
239 3.0
111 3.0
242 4.5
114 3.5
116 3.5
120 4.5
249 3.5
|
17028
128 3.0
130 4.0
133 4.0
5 3.0
7 4.0
138 3.5
10 4.0
141 4.0
143 3.5
15 3.5
16 5.0
17 4.0
145 3.5
146 3.0
18 2.5
19 4.0
147 4.0
20 3.0
23 3.5
153 4.5
27 3.0
155 4.0
156 3.5
29 2.5
31 3.5
33 3.0
161 5.0
41 4.0
169 3.5
47 2.0
176 2.0
178 4.0
180 4.0
181 4.5
56 4.5
57 3.5
185 4.0
61 3.0
193 3.0
196 3.5
69 4.5
197 4.0
203 4.5
75 3.0
76 3.5
206 3.0
83 4.0
85 4.5
89 4.0
219 4.0
92 3.5
220 3.0
93 3.0
221 3.5
94 4.0
224 4.0
97 4.5
98 4.0
100 4.5
102 3.0
103 5.0
231 5.0
104 4.0
232 4.0
233 3.5
235 5.0
239 4.0
112 4.0
241 4.0
114 3.5
242 4.0
116 3.5
120 3.5
249 4.0
121 4.0
122 4.5
|
164258
0 4.0
134 4.5
6 4.5
7 5.0
137 2.5
13 5.0
142 2.5
15 3.0
17 4.0
145 4.0
146 2.0
22 4.0
151 3.5
160 3.5
161 4.0
164 3.0
39 4.0
41 3.0
170 3.0
44 3.5
45 4.0
178 3.5
50 2.0
56 4.5
57 3.5
186 2.0
58 4.5
188 3.5
61 4.0
63 3.0
194 4.0
196 3.5
69 2.5
200 3.5
202 2.5
203 4.5
206 3.5
209 3.0
210 3.5
83 4.0
87 3.5
89 4.0
219 4.0
220 2.5
100 5.0
230 4.0
232 4.5
239 3.5
241 4.5
114 3.5
242 4.5
245 4.5
120 4.5
249 3.0
122 3.0
|
269158
128 2.5
129 4.0
139 1.5
12 1.0
145 2.5
17 4.5
146 3.0
22 4.0
24 3.5
152 4.5
27 3.5
28 3.5
158 4.5
31 4.0
34 3.0
162 4.5
163 4.0
39 4.0
170 4.5
171 3.5
176 1.0
179 2.5
183 4.0
57 2.5
58 4.0
188 4.0
189 3.5
66 4.5
67 3.5
201 2.5
204 3.5
76 3.5
80 3.5
208 1.0
209 1.5
210 3.0
84 2.5
215 1.0
88 1.5
217 3.5
93 4.5
103 4.0
107 3.5
110 3.5
111 4.0
113 4.5
241 1.5
116 2.5
117 4.0
118 3.5
119 5.0
120 4.0
|
57938
128 4.0
5 2.5
7 4.5
137 2.5
13 5.0
142 3.0
143 3.0
21 3.5
23 4.0
24 3.5
160 0.5
33 3.0
35 2.0
169 2.5
45 4.5
46 3.5
174 0.5
176 3.0
178 3.5
51 1.5
52 4.0
55 4.0
57 3.5
191 1.5
72 1.0
75 5.0
205 3.5
80 1.0
83 3.5
89 5.0
92 3.0
93 4.5
223 2.0
224 0.5
102 4.0
104 3.5
234 2.5
235 5.0
108 2.5
239 5.0
111 0.5
112 3.0
241 5.0
114 4.5
243 2.5
116 3.5
119 4.5
120 4.0
121 3.5
249 3.0
122 4.5
127 3.0
|
180168
3 4.0
6 4.5
7 5.0
139 3.5
12 4.0
142 4.0
144 4.0
17 4.0
145 4.5
146 3.0
20 4.5
21 4.0
22 4.0
24 4.0
156 5.0
29 4.0
33 4.0
35 5.0
39 4.5
169 4.5
41 5.0
45 4.5
176 4.0
49 4.0
51 4.5
179 4.5
52 4.5
181 4.5
182 4.0
183 4.0
58 4.5
188 5.0
61 3.5
64 4.5
192 4.5
197 5.0
73 4.5
203 4.0
204 2.0
206 4.0
207 4.0
79 4.5
208 4.0
85 4.5
86 4.5
217 4.5
89 5.0
219 4.5
220 4.0
92 4.0
221 4.5
96 4.0
100 4.5
104 5.0
105 4.5
234 4.0
111 3.5
239 5.0
240 5.0
241 4.5
114 2.5
116 4.0
117 4.0
120 5.0
121 4.0
122 5.0
127 4.5
|
114468
129 3.0
2 3.0
133 5.0
138 3.0
139 2.0
13 4.0
15 4.0
144 2.0
17 5.0
22 3.0
155 4.0
162 4.0
166 4.0
41 5.0
171 4.0
173 4.0
179 4.0
180 3.0
56 3.0
58 4.0
188 4.0
61 3.0
63 4.0
66 3.0
196 5.0
197 3.0
74 4.0
209 2.0
82 2.0
83 5.0
84 5.0
213 1.0
94 4.0
224 3.0
97 5.0
99 2.0
229 3.0
101 4.0
231 2.0
104 4.0
232 5.0
233 3.0
235 4.0
109 3.0
110 3.0
111 4.0
241 3.0
242 5.0
114 2.0
245 3.0
120 1.0
249 2.0
121 5.0
123 3.0
126 3.0
|
38968
129 3.0
1 3.0
132 4.0
5 4.0
6 5.0
10 2.0
139 4.0
11 3.0
140 5.0
141 5.0
14 2.0
17 5.0
145 3.0
146 4.0
19 4.0
20 5.0
23 3.0
155 3.0
28 4.0
33 4.0
36 1.0
173 4.0
46 4.0
47 3.0
178 4.0
58 3.0
60 4.0
190 4.0
65 5.0
196 4.0
197 5.0
203 1.0
204 5.0
210 5.0
211 4.0
212 4.0
86 3.0
88 3.0
89 5.0
223 1.0
98 3.0
99 2.0
100 5.0
101 4.0
102 2.0
233 4.0
235 4.0
111 2.0
241 4.0
114 5.0
117 4.0
249 4.0
123 4.0
125 4.0
|
164538
128 4.5
129 4.0
130 4.0
133 5.0
6 5.0
134 5.0
7 5.0
137 3.5
13 5.0
17 5.0
145 4.0
147 5.0
148 4.0
155 5.0
33 3.5
163 4.5
164 4.0
166 2.0
168 5.0
41 4.5
169 3.0
170 5.0
171 4.5
173 4.5
45 5.0
46 4.5
175 5.0
49 4.5
178 4.0
179 4.0
52 3.0
55 4.0
57 5.0
60 4.0
61 5.0
190 4.0
64 3.5
194 4.5
66 5.0
195 4.5
67 4.5
196 5.0
197 4.0
200 4.0
203 5.0
205 3.5
78 4.5
79 4.0
82 4.5
210 4.0
212 4.5
213 4.5
85 5.0
86 4.0
89 5.0
217 4.0
90 4.5
219 5.0
92 4.5
221 4.5
94 4.0
222 4.5
223 4.5
226 4.0
100 5.0
229 4.0
101 4.5
230 5.0
232 4.5
234 3.5
237 5.0
239 5.0
241 5.0
113 5.0
114 5.0
244 2.5
116 4.5
245 5.0
120 4.5
248 5.0
121 5.0
249 4.0
122 3.5
123 4.5
|
201478
130 4.0
134 2.0
7 3.5
137 2.0
10 3.0
12 2.0
142 3.0
14 3.0
16 4.5
145 2.0
17 4.0
18 2.5
147 4.5
20 2.5
22 2.0
152 3.5
159 3.5
33 3.0
162 3.5
164 4.0
166 0.5
39 4.0
167 5.0
40 2.5
169 2.0
171 0.5
47 2.5
176 3.0
177 4.0
49 2.0
50 3.0
179 3.5
52 3.5
53 2.5
181 2.5
54 4.0
182 4.0
183 3.5
56 4.0
57 3.0
58 3.5
59 2.5
188 4.0
64 4.0
192 0.5
69 1.0
70 4.0
198 3.5
72 2.0
200 1.0
201 2.0
203 4.0
204 1.5
77 2.0
207 2.0
79 3.5
209 3.0
83 4.0
85 3.0
86 2.5
215 3.5
88 3.5
89 4.5
92 3.0
221 3.0
93 3.5
226 1.0
228 4.0
100 4.5
230 4.5
231 4.0
104 4.0
235 4.0
107 2.5
236 3.0
240 3.5
241 4.0
113 3.0
242 3.5
115 3.0
116 3.0
117 3.5
246 3.0
118 2.0
120 3.5
121 3.5
249 3.5
123 3.5
124 0.5
|
152188
0 3.0
1 2.5
2 2.0
3 3.0
5 3.5
7 3.5
12 1.5
13 5.0
14 3.0
16 3.5
17 4.5
19 1.0
20 2.5
21 0.5
22 2.5
31 3.0
33 1.5
36 1.0
41 3.0
42 3.0
43 3.5
45 2.5
47 2.0
49 0.5
50 2.0
51 0.5
52 3.0
53 1.5
54 2.5
55 3.0
56 4.0
57 3.0
58 3.0
59 3.0
61 3.5
62 0.5
63 3.0
64 2.0
66 3.0
69 2.5
70 3.0
71 2.0
73 3.0
77 2.5
78 3.0
79 3.0
81 3.5
83 4.0
85 3.0
86 2.0
87 2.0
88 3.0
89 4.5
90 3.0
91 0.5
92 2.5
93 3.0
94 3.0
97 3.0
98 2.0
100 4.5
101 2.5
103 4.5
104 4.0
106 2.5
109 3.0
111 3.5
113 2.5
116 2.5
120 3.5
121 4.0
122 3.0
123 3.0
127 2.0
128 3.5
130 3.5
132 0.5
133 4.5
136 2.0
137 0.5
138 2.0
142 1.0
145 3.0
147 4.0
149 3.5
151 1.0
153 3.5
155 4.0
158 2.0
159 3.0
160 3.0
161 3.0
163 3.0
164 3.0
165 3.5
168 3.5
169 1.0
170 3.0
171 3.5
172 3.0
175 4.5
181 3.5
182 2.0
188 2.5
192 0.5
193 3.5
197 3.5
201 2.0
202 1.0
203 4.0
204 2.0
206 1.5
209 2.5
210 3.0
212 3.0
213 4.0
214 3.5
215 2.5
216 3.0
217 3.0
218 2.0
219 3.5
223 3.5
224 3.0
225 3.0
226 3.0
227 2.0
228 2.5
229 3.5
231 4.0
234 2.0
235 3.5
237 3.5
241 3.0
242 4.0
243 3.0
249 3.0
|
69218
3 4.0
4 5.0
5 4.0
6 5.0
7 5.0
10 3.0
13 5.0
15 4.0
16 5.0
17 5.0
18 1.0
19 5.0
23 5.0
26 3.0
27 4.0
29 3.0
30 5.0
31 4.0
33 3.0
44 3.0
47 3.0
49 4.0
50 3.0
55 5.0
57 5.0
58 5.0
61 4.0
63 5.0
66 5.0
68 5.0
70 3.0
73 3.0
75 4.0
78 5.0
79 5.0
83 3.0
84 4.0
89 5.0
91 4.0
92 4.0
94 2.0
96 3.0
100 5.0
101 4.0
102 5.0
104 3.0
106 3.0
108 2.0
109 4.0
110 3.0
112 5.0
114 5.0
116 4.0
121 4.0
123 4.0
125 3.0
127 2.0
128 4.0
133 5.0
138 5.0
139 4.0
142 4.0
144 4.0
145 5.0
147 5.0
148 5.0
149 5.0
150 4.0
152 3.0
155 3.0
156 4.0
157 3.0
161 4.0
170 3.0
175 3.0
178 4.0
179 4.0
180 4.0
181 3.0
185 3.0
189 3.0
193 4.0
194 4.0
195 5.0
197 3.0
201 4.0
203 4.0
204 3.0
206 3.0
208 3.0
209 2.0
210 5.0
211 4.0
213 1.0
214 3.0
215 2.0
216 3.0
219 5.0
220 4.0
221 5.0
222 5.0
223 3.0
224 3.0
225 1.0
227 2.0
228 4.0
229 3.0
233 3.0
239 5.0
241 5.0
245 5.0
246 4.0
|
168388
2 2.5
6 3.5
7 4.0
10 3.5
12 1.5
13 5.0
14 4.0
17 4.0
18 2.0
19 3.5
20 1.0
23 3.0
24 2.0
29 3.0
31 3.0
33 3.0
34 3.5
35 4.5
38 4.0
39 2.5
40 2.5
42 4.5
43 4.5
46 2.5
47 2.0
48 2.5
49 4.5
50 4.0
51 2.0
52 4.0
54 4.5
56 5.0
57 4.0
60 3.0
61 4.0
62 5.0
63 3.5
64 4.5
67 3.0
68 5.0
69 1.5
71 2.5
72 2.0
73 4.0
74 4.0
77 2.0
78 4.0
79 4.5
81 2.5
83 4.0
84 4.0
85 4.5
88 3.5
89 4.0
90 3.5
91 3.5
92 4.5
94 4.0
96 2.5
97 4.5
102 3.5
104 2.5
106 3.0
108 3.5
109 2.0
112 4.0
113 2.5
114 4.0
116 3.0
117 3.5
118 5.0
120 3.5
122 4.0
123 4.5
127 3.0
128 4.0
129 2.5
130 4.5
131 2.5
132 3.0
133 5.0
134 3.5
135 3.0
137 3.0
141 4.0
142 1.0
144 4.5
145 3.5
146 2.5
147 4.0
151 5.0
152 3.0
153 3.0
160 4.0
162 4.0
163 4.0
164 4.0
166 1.5
169 2.0
176 1.5
177 1.0
180 4.5
181 1.5
182 3.5
185 3.0
186 3.0
189 3.0
197 4.5
198 4.0
200 2.5
201 4.0
203 5.0
206 3.5
208 4.0
209 4.5
210 4.5
212 4.5
213 4.0
214 3.5
215 4.0
216 3.5
219 4.0
221 3.5
224 3.5
225 4.0
228 5.0
229 4.0
230 3.5
231 5.0
232 2.5
235 5.0
237 4.5
239 4.0
240 5.0
241 3.0
242 3.0
243 4.0
244 4.5
245 4.0
246 2.0
|
166408
128 5.0
1 3.0
2 2.0
132 4.0
135 4.0
136 4.0
137 3.0
138 4.0
12 4.0
142 2.0
14 3.0
144 5.0
145 3.0
17 5.0
146 4.0
19 4.0
148 4.0
20 3.0
23 3.0
151 3.0
26 3.0
155 5.0
156 3.0
29 4.0
31 3.0
160 3.0
162 3.0
36 3.0
37 3.0
40 3.0
169 3.0
170 4.0
174 3.0
47 3.0
176 3.0
49 3.0
179 4.0
181 4.0
185 3.0
57 3.0
58 5.0
186 3.0
188 3.0
63 4.0
64 4.0
196 4.0
197 5.0
73 4.0
201 3.0
203 5.0
205 3.0
78 3.0
208 4.0
209 3.0
84 4.0
212 4.0
85 2.0
86 4.0
215 3.0
216 4.0
89 5.0
90 2.0
218 3.0
93 5.0
94 4.0
98 4.0
102 4.0
231 3.0
104 4.0
234 3.0
235 5.0
107 3.0
108 3.0
239 3.0
241 5.0
116 3.0
249 4.0
121 5.0
127 3.0
|
125668
128 3.0
129 4.0
1 3.0
130 4.0
2 3.5
131 2.5
132 3.5
134 4.0
6 4.0
7 4.0
137 3.5
139 4.5
11 4.0
12 2.5
140 5.0
13 3.5
142 3.0
17 4.0
145 3.5
20 3.0
22 3.0
151 2.5
152 1.0
28 3.5
157 3.5
31 4.0
159 2.5
33 4.5
162 3.5
166 3.5
39 3.0
41 4.0
169 3.5
45 4.0
46 3.5
47 4.0
49 5.0
51 3.0
179 4.0
52 4.5
181 3.0
57 3.5
63 3.5
191 2.0
64 4.0
65 4.0
66 2.5
196 2.5
197 5.0
73 4.0
201 3.0
203 4.0
204 3.5
205 2.5
207 3.0
209 3.0
215 4.0
89 3.5
91 4.0
219 2.5
221 2.0
93 2.0
94 4.0
103 4.5
105 3.5
234 2.5
107 2.5
235 0.5
238 4.0
110 3.5
239 3.5
241 4.5
245 3.0
117 2.5
119 4.0
248 2.5
120 4.5
249 4.5
122 3.5
127 2.5
|
21608
3 4.0
5 3.5
6 3.0
7 3.0
14 3.0
15 1.5
16 3.0
20 2.0
21 1.5
23 2.5
24 3.0
25 4.5
26 2.5
28 2.5
31 2.0
40 3.0
43 3.5
45 1.5
46 2.0
48 1.0
51 1.5
54 4.5
56 1.5
57 2.0
58 3.5
59 4.0
60 3.0
62 2.0
68 4.0
69 2.5
78 3.5
79 3.0
81 4.5
84 3.5
85 3.0
89 4.5
94 3.5
97 4.0
100 3.5
103 4.0
110 2.0
112 2.5
113 2.5
114 2.5
116 2.0
118 4.5
121 4.5
122 3.5
128 2.5
129 4.0
130 4.0
131 3.0
133 3.5
137 0.5
138 3.5
139 4.0
141 4.0
142 2.0
147 3.5
149 4.0
152 4.0
154 4.0
159 3.5
163 4.5
165 5.0
166 2.5
169 2.5
170 1.0
177 2.0
181 2.0
182 3.0
185 3.5
186 1.0
187 2.5
188 3.5
192 3.0
194 4.0
195 3.5
197 4.0
198 4.5
201 2.5
204 2.5
206 3.5
209 2.5
212 4.5
214 2.5
219 2.5
222 4.0
224 4.5
225 2.5
226 1.0
230 4.0
231 3.5
232 3.0
234 2.5
235 4.0
239 2.5
242 4.5
245 3.0
246 3.0
|
7238
0 4.0
1 4.0
5 5.0
6 5.0
7 4.0
8 4.0
9 5.0
10 5.0
11 4.0
12 3.0
13 5.0
14 3.0
15 4.0
16 3.0
18 2.0
19 4.0
20 4.0
22 4.0
23 4.0
24 5.0
26 4.0
28 4.0
30 4.0
36 3.0
38 3.0
39 4.0
40 3.0
41 4.0
42 3.0
44 3.0
45 4.0
46 5.0
47 4.0
49 2.0
55 5.0
57 5.0
58 4.0
59 4.0
60 4.0
61 5.0
62 4.0
66 5.0
68 5.0
70 3.0
71 4.0
72 4.0
76 5.0
77 3.5
79 4.0
82 5.0
83 3.0
85 2.0
86 4.0
87 3.0
88 4.0
89 5.0
90 4.0
91 3.0
92 5.0
94 3.0
97 3.0
98 3.0
99 5.0
100 5.0
101 4.0
102 4.0
103 4.0
104 3.0
105 3.0
107 3.0
108 4.0
110 5.0
111 4.0
112 5.0
113 4.0
114 5.0
116 4.0
118 3.0
120 4.0
121 3.0
122 4.0
125 3.0
126 4.0
127 3.0
128 4.0
129 4.0
132 3.0
133 4.0
141 5.0
143 3.0
144 4.0
145 4.0
146 3.0
148 4.0
149 4.0
150 5.0
151 3.0
152 3.0
153 4.0
154 5.0
155 4.0
160 3.0
162 3.0
163 4.0
166 3.0
167 3.0
170 5.0
171 4.0
173 4.0
175 5.0
176 3.0
177 2.0
178 4.0
180 4.0
181 2.0
184 5.0
187 3.0
188 4.0
189 4.0
190 5.0
191 4.0
192 3.0
193 5.0
194 4.0
195 4.0
197 5.0
199 5.0
200 4.0
203 4.0
204 4.0
205 3.0
206 4.0
208 4.0
210 5.0
211 4.0
212 5.0
213 4.0
214 4.0
215 4.0
216 3.0
217 4.0
218 2.0
219 5.0
220 4.0
222 5.0
223 4.0
224 3.0
225 3.0
226 3.5
227 2.0
228 4.0
230 5.0
231 3.0
232 3.0
233 4.0
234 3.0
235 4.0
241 5.0
242 3.0
245 4.0
249 2.0
|
201128
0 4.0
1 2.0
5 3.0
7 5.0
10 5.0
11 2.0
12 3.0
14 3.0
17 5.0
18 2.0
21 2.0
22 2.0
24 1.0
25 4.0
29 4.0
30 2.0
31 5.0
33 1.0
34 3.0
35 1.0
36 4.0
37 1.0
38 1.0
41 4.0
46 1.0
48 4.0
49 1.0
50 3.0
51 3.0
52 2.0
53 3.0
54 3.0
59 2.0
60 2.0
61 5.0
62 1.0
63 4.0
64 1.0
65 5.0
69 5.0
70 4.0
72 4.0
73 2.0
74 4.0
78 4.0
79 5.0
81 5.0
83 4.0
85 3.0
86 3.0
89 4.0
90 3.0
91 3.0
92 4.0
93 4.0
94 5.0
95 4.0
98 4.0
104 4.0
105 2.0
106 4.0
107 1.0
108 3.0
109 5.0
110 2.0
115 3.0
116 3.0
117 1.0
118 3.0
121 5.0
127 4.0
128 4.0
131 1.0
132 3.0
133 5.0
136 2.0
137 1.0
139 1.0
140 2.0
142 4.0
144 5.0
145 3.0
148 5.0
149 3.0
152 5.0
155 5.0
156 3.0
157 1.0
158 2.0
159 5.0
160 2.0
162 3.0
163 2.0
164 4.0
165 5.0
166 1.0
170 3.0
172 3.0
176 1.0
177 3.0
178 4.0
179 5.0
181 4.0
183 2.0
185 4.0
188 3.0
196 3.0
197 4.0
200 3.0
201 3.0
202 2.0
205 3.0
207 2.0
208 2.0
209 2.0
210 4.0
211 4.0
214 5.0
215 2.0
216 2.0
218 3.0
220 4.0
221 5.0
225 2.0
227 1.0
228 2.0
231 4.0
233 4.0
234 3.0
239 3.0
241 5.0
246 3.0
249 4.0
|
